-3 -3 -3 -3 -1 -5 -6 -6 -1 -3 -7 -12 -9 -9 -4 3 5 2 -5 -5 -6 -4 -4 -4 -6 -6 -5 -3 -4 -4 -2 -2 -2 -3 1 1 -1 -1 -3 -2 3 -2 12 12 1 -3 -7 -3 -4 -4 -1 2 1 -1 -1 -1 -2 -2 -2 -3 -3 -3 -5 -3 -3 -2 -2 -3 -3 -1 -2 -3 2 4 4 6 7 6 5 5 5 2 1 -4 -6 -8 -8 -11 -11 -12 -11 -8 -8 -7 -4 -2 -2 -2 -2 -2 -1 -2 2 2 2 -1 -1 4 3 7 7 6 6 2 1 1 1 -2 -4 -4 -3 -4 -4 -5 -5 -6 -5 -5 
6 6 -2 -2 -2 -1 -2 -2 -2 -2 -3 -2 -3 -2 -2 -2 -2 -2 -3 -3 -2 -3 -2 -2 -2 -2 -3 -2 -3 -3 -3 -2 -2 -3 -3 -2 -3 -3 -3 -2 -2 -2 -3 -3 -3 -3 -3 -2 -3 -3 -2 -2 -3 -3 -2 -2 -3 -3 -3 -3 -2 -3 -3 -3 -3 -3 -3 -3 -2 -2 -3 -3 -3 -3 -3 -2 -2 -3 -2 -1 -2 -4 -3 -7 -5 -7 -8 -8 -10 -10 -8 -11 -11 -10 -10 -9 -8 -8 -9 -7 -8 -9 -6 -7 -5 -6 -5 -5 -8 -6 -6 -4 -7 -3 -3 -2 -1 -1 -3 -4 -7 -6 -9 -6 -6 -7 -9 -7 
6 9 8 9 7 6 7 7 6 6 5 6 7 9 9 5 6 8 8 6 16 11 2 7 3 2 2 1 -1 -1 -2 -2 -2 -5 -4 -6 -6 -7 -7 -6 -7 -7 -7 -7 -6 -5 -6 -5 -6 -6 -7 -7 -6 -8 -9 -7 -1 -1 -9 -6 -10 -12 -14 -17 -18 -14 -11 -10 -8 -8 -8 -6 -6 -2 -4 -6 -4 -3 -2 -4 -4 -8 -7 -9 -9 -8 -9 -7 -7 -7 -7 -7 -6 -6 -7 -7 -7 -6 -7 -6 -7 -6 -6 -8 -6 -7 -6 -6 -6 -6 -6 -7 -7 -6 -6 -6 -5 -6 -5 -6 -6 -5 -4 -3 -7 -6 -6 -5 
3 -1 -1 -3 -2 -2 -2 -1 -2 -3 -1 -2 -2 -2 -2 -3 -3 -2 -4 -3 -3 -4 -4 -3 -3 -3 -3 -3 -4 -4 -3 -4 -3 -3 -3 -3 -3 -5 -6 -5 -4 -4 -3 -3 -4 -4 -4 -6 -4 -3 -4 -5 -5 -4 -5 -5 -4 -4 -4 -5 -5 -5 -5 -5 -5 -5 -4 -5 -5 -6 -6 -6 -6 -1 -1 1 1 -1 -4 -7 -11 -16 -17 -18 -15 -9 -4 -1 -1 -4 -7 -9 -10 -10 -9 -12 -10 -13 -12 -9 -5 -4 -3 -5 -8 -7 -8 -8 -8 -5 -6 -4 -5 -5 -4 -3 -6 -6 -6 -9 -8 -9 -8 -8 -7 -8 -9 -8 
6 -1 -1 -1 1 1 1 2 2 2 1 1 1 1 1 1 1 1 1 2 2 2 2 -1 -2 -1 1 1 2 2 1 1 1 1 2 2 2 2 2 1 1 -1 -2 -2 -3 -6 -6 -7 -6 -7 -6 -6 -7 -8 -7 -6 -4 -3 -1 -1 -1 -1 -2 -7 -6 -7 -14 -16 -18 -18 -18 -19 -16 -16 -14 -10 -9 -9 -6 -7 -7 -8 -6 -7 -7 -7 -9 -10 -12 -12 -14 -17 -13 -17 -19 -18 -18 -19 -19 -19 -20 -20 -20 -15 -16 -12 -13 -12 -10 -9 -9 -6 -7 -7 -11 -13 -16 -15 -16 -14 -15 -15 -14 -13 -12 -11 -12 -11 
13 12 -5 -4 -12 2 -4 -3 1 -1 2 5 4 9 3 8 1 3 -2 7 10 2 3 10 9 14 4 3 4 8 9 7 8 4 5 2 4 -8 -1 -2 -1 1 -1 1 -1 -1 -2 -1 -2 -2 -1 -1 -1 -2 -1 -2 -3 -3 -3 -3 -3 -2 -1 -3 -3 -3 -3 -3 -4 -4 -3 -3 -4 -4 -4 -5 -2 7 8 3 -3 -16 -16 -8 -2 -3 -4 -3 -9 -8 -8 -6 -5 -2 -2 -2 1 2 2 3 2 6 13 7 -4 -9 -10 -6 -3 -1 1 -1 -4 -7 -8 -3 -4 -4 -6 -8 -4 -6 -6 -7 -6 -6 -6 -7 
-5 -5 -3 -5 -3 -4 -1 -1 -3 -2 -5 -3 -4 -4 -5 -5 -9 -6 -1 -1 -2 -1 -2 -4 -6 -6 -6 -3 -2 -2 -3 -3 -3 -4 -2 -3 -3 -3 -4 -6 11 5 -7 -7 1 4 -1 -1 6 6 4 4 1 -4 -4 -4 -1 -3 -3 -1 -2 -2 1 -1 -1 -1 -2 3 3 4 8 5 5 2 2 -3 -1 -8 -10 -17 -17 -15 -20 -10 -15 -21 -21 -13 -16 -13 -10 -10 -10 -6 -6 -8 -3 -4 -4 -2 -1 -1 3 -1 -1 6 -4 -2 -1 -3 -3 -2 -6 -3 -19 -17 -17 -10 -10 -10 -5 2 2 6 2 2 3 2 
7 7 -4 -3 -3 -4 -4 -4 -4 -3 -3 -3 -3 -2 -2 -3 -4 -4 -3 -3 -3 -2 -2 -2 -2 -3 -2 -3 -2 -3 -3 -2 -3 -3 -2 -3 -4 -4 -3 -3 -3 -3 -2 -3 -3 -3 -3 -3 -3 -3 -3 -3 -3 -2 -3 -3 -3 -2 -3 -3 -3 -2 -2 -3 -3 -2 -3 -3 -3 -3 -3 -3 -3 -3 -3 -3 -2 -1 2 2 -3 -6 -5 -4 -8 -7 -7 -7 -5 -4 -10 -2 -2 -2 -2 -1 -4 -3 -1 -3 -4 -2 2 3 6 5 4 6 2 4 4 2 2 5 5 4 -1 -3 -11 -8 -4 -3 1 -1 -1 2 2 2 
7 -5 -2 -3 -2 -4 -3 -2 -3 -3 -5 -3 -3 -2 -2 -7 -5 -8 1 1 -10 8 3 -3 -2 -3 -4 -6 -2 -6 -4 -2 -4 -6 -5 -4 -5 -5 -6 -4 -4 -4 -5 -4 -5 -3 -3 -4 -4 -4 -4 -5 -5 -4 -1 11 11 -2 -17 -16 -16 -18 -20 -22 -20 -17 -15 -13 -8 -9 -7 -5 -9 -8 -10 -12 -13 -11 -12 -15 -15 -18 -22 -10 -11 -8 -9 -9 -7 -8 -6 -7 -8 -8 -7 -7 -8 -9 -8 -7 -7 -8 -8 -8 -8 -7 -8 -8 -6 -7 -7 -8 -7 -7 -7 -7 -8 -6 -9 -8 -7 -9 -10 -6 -4 -2 -3 -7 
-7 -5 -7 -3 -4 -5 -5 -5 -4 -3 -5 -4 -4 -2 -1 -1 -2 -2 -3 -4 -3 -2 -2 -2 -2 -3 -3 -2 -2 1 -1 -3 -1 -1 1 1 1 -1 -1 -1 -1 1 1 1 -1 -1 -3 -2 -1 -2 -2 -1 -3 -6 -3 -2 -2 -1 -2 -2 -2 -1 -2 -1 -2 -2 -3 -2 -2 -2 -2 -1 -1 5 6 -1 -6 -8 -13 -10 -11 -8 -3 -8 -7 -9 -5 -3 -4 -1 4 8 10 9 8 -1 4 -6 -11 -21 -22 -25 -23 -20 -15 -15 -11 -6 -4 -7 -3 -1 -2 -2 -1 -11 -15 -16 -18 -10 -12 -5 -5 -5 -5 -3 -4 -4 
7 -3 -2 -3 -3 -3 -3 -2 -2 -2 -2 -3 -2 -1 -2 -2 -2 -1 -3 -3 -1 -1 -1 -1 -3 -3 -3 -3 -1 -1 -1 -2 -2 -2 -2 -2 -2 -1 -1 -3 -2 1 1 4 2 1 4 1 2 3 2 1 -1 1 3 7 6 6 8 5 3 -1 -10 -11 -7 -5 -6 -2 -2 -1 3 2 -2 2 3 1 8 5 10 7 10 8 12 14 11 9 3 3 -4 -4 -4 -12 -10 -11 -19 -16 -19 -18 -16 -9 -2 1 -1 11 5 4 9 5 8 5 4 2 3 -2 -11 -9 -14 -12 -9 -6 -4 -4 2 3 2 -1 2 2 
5 4 -4 6 8 13 -1 6 9 9 6 9 17 13 21 24 15 13 7 22 19 18 14 13 9 10 10 14 11 8 9 6 3 4 2 2 5 8 8 4 5 5 4 4 5 4 4 3 2 2 3 2 4 3 3 3 4 3 4 4 4 4 4 3 2 3 2 1 2 1 1 1 2 7 10 13 11 -3 -6 -12 -14 -6 -7 -7 5 9 10 9 11 10 11 7 6 4 3 1 -3 -2 -1 -4 -4 -11 -20 -15 -1 6 7 10 5 5 1 -8 -16 -8 -8 -1 -2 2 2 3 2 2 2 3 2 2 2 3 